
--- VERIFY: Performs verification calculations --- 

Number of grids to be examined = 8 

     Grid Size     Quantity 

     4.007249 830365.786800 
     4.647460 829504.431303 
     5.454311 828149.655141 
     6.491081 827584.488506 
     7.854208 825367.817741 
     9.696553 823469.988784 
    12.272200 821497.752162 
    16.028996 815689.605156 


Discretisation errors for fine grids:

       Grids |     e_approx |     e_extrap |      f_exact |   gci_coarse | 
 =========================================================================
       1 2 3 |     0.001037 |     0.002384 | 832350.103555 |     0.004284 | 
       2 3 4 |     0.001633 |     0.000936 | 830281.460752 |     0.003212 | 
       3 4 5 |     0.000682 |     0.000291 | 828391.091747 |     0.001217 | 
       4 5 6 |     0.002678 |     0.008550 | 834721.716855 |     0.014128 | 
       5 6 7 |     0.002299 |     0.027700 | 848881.762449 |     0.038486 | 
       6 7 8 |     0.002395 |     0.001677 | 824853.203429 |     0.005093 | 
 -------------------------------------------------------------------------

       Grids |     gci_fine |            p |          r21 |          r32 | 
 =========================================================================
       1 2 3 |     0.002987 |     2.432428 |     1.159763 |     1.173611 | 
       2 3 4 |     0.001171 |     6.304424 |     1.173611 |     1.190083 | 
       3 4 5 |     0.000364 |     6.931421 |     1.190083 |     1.210000 | 
       4 5 6 |     0.010780 |     1.418887 |     1.210000 |     1.234568 | 
       5 6 7 |     0.035611 |     0.368349 |     1.234568 |     1.265625 | 
       6 7 8 |     0.002100 |     3.761900 |     1.265625 |     1.306122 | 
 -------------------------------------------------------------------------


Discretisation errors for coarse grids:

       Grids |     e_approx |     e_extrap |      f_exact |   gci_coarse | 
 =========================================================================
       1 2 3 |     0.001633 |     0.003419 | 832350.065020 |     0.006330 | 
       2 3 4 |     0.000682 |     0.000342 | 828432.874818 |     0.001281 | 
       3 4 5 |     0.002678 |     0.000974 | 828391.084900 |     0.004566 | 
       4 5 6 |     0.002299 |     0.006555 | 830813.599140 |     0.011122 | 
       5 6 7 |     0.002395 |     0.025742 | 845227.444569 |     0.036021 | 
       6 7 8 |     0.007070 |     0.004068 | 824853.145959 |     0.013943 | 
 -------------------------------------------------------------------------

       Grids |     gci_fine |            p |          r21 |          r32 | 
 =========================================================================
       1 2 3 |     0.004288 |     2.432428 |     1.159763 |     1.173611 | 
       2 3 4 |     0.000427 |     6.304424 |     1.173611 |     1.190083 | 
       3 4 5 |     0.001218 |     6.931421 |     1.190083 |     1.210000 | 
       4 5 6 |     0.008248 |     1.418887 |     1.210000 |     1.234568 | 
       5 6 7 |     0.033027 |     0.368349 |     1.234568 |     1.265625 | 
       6 7 8 |     0.005106 |     3.761900 |     1.265625 |     1.306122 | 
 -------------------------------------------------------------------------


Asympototic ratio test:

           Grids | Asymptotic ratio | 
 ====================================
           1 2 3 |         0.998976 | 
           2 3 4 |         7.514746 | 
           3 4 5 |         0.999326 | 
           4 5 6 |         1.713041 | 
           5 6 7 |         1.165271 | 
           6 7 8 |         0.997622 | 
 ------------------------------------


--- End of VERIFY --- 

